# Blender 4.3.2
# www.blender.org
mtllib Fence.mtl
o Cube
v 0.525969 10.691004 5.008122
v 0.525969 -0.011287 5.008122
v 0.525969 10.691004 6.060060
v 0.525969 -0.011287 6.060060
v -0.525969 10.691004 5.008122
v -0.525969 -0.011287 5.008122
v -0.525969 10.691004 6.060060
v -0.525969 -0.011287 6.060060
vn -0.0000 1.0000 -0.0000
vn -0.0000 -0.0000 1.0000
vn -1.0000 -0.0000 -0.0000
vn -0.0000 -1.0000 -0.0000
vn 1.0000 -0.0000 -0.0000
vn -0.0000 -0.0000 -1.0000
vt 0.625000 0.500000
vt 0.875000 0.500000
vt 0.875000 0.750000
vt 0.625000 0.750000
vt 0.375000 0.750000
vt 0.625000 1.000000
vt 0.375000 1.000000
vt 0.375000 0.000000
vt 0.625000 0.000000
vt 0.625000 0.250000
vt 0.375000 0.250000
vt 0.125000 0.500000
vt 0.375000 0.500000
vt 0.125000 0.750000
s 0
usemtl Material
f 1/1/1 5/2/1 7/3/1 3/4/1
f 4/5/2 3/4/2 7/6/2 8/7/2
f 8/8/3 7/9/3 5/10/3 6/11/3
f 6/12/4 2/13/4 4/5/4 8/14/4
f 2/13/5 1/1/5 3/4/5 4/5/5
f 6/11/6 5/10/6 1/1/6 2/13/6
o Cube.001
v 0.525969 10.691004 -6.054801
v 0.525969 -0.011287 -6.054801
v 0.525969 10.691004 -5.002862
v 0.525969 -0.011287 -5.002862
v -0.525969 10.691004 -6.054801
v -0.525969 -0.011287 -6.054801
v -0.525969 10.691004 -5.002862
v -0.525969 -0.011287 -5.002862
vn -0.0000 1.0000 -0.0000
vn -0.0000 -0.0000 1.0000
vn -1.0000 -0.0000 -0.0000
vn -0.0000 -1.0000 -0.0000
vn 1.0000 -0.0000 -0.0000
vn -0.0000 -0.0000 -1.0000
vt 0.625000 0.500000
vt 0.875000 0.500000
vt 0.875000 0.750000
vt 0.625000 0.750000
vt 0.375000 0.750000
vt 0.625000 1.000000
vt 0.375000 1.000000
vt 0.375000 0.000000
vt 0.625000 0.000000
vt 0.625000 0.250000
vt 0.375000 0.250000
vt 0.125000 0.500000
vt 0.375000 0.500000
vt 0.125000 0.750000
s 0
usemtl Material.001
f 9/15/7 13/16/7 15/17/7 11/18/7
f 12/19/8 11/18/8 15/20/8 16/21/8
f 16/22/9 15/23/9 13/24/9 14/25/9
f 14/26/10 10/27/10 12/19/10 16/28/10
f 10/27/11 9/15/11 11/18/11 12/19/11
f 14/25/12 13/24/12 9/15/12 10/27/12
o Cube.002
v 0.223494 10.368713 5.391931
v 0.223494 7.379835 -5.741394
v 0.223494 9.346903 5.666248
v 0.223494 6.358025 -5.467076
v -0.366542 10.368713 5.391931
v -0.366542 7.379835 -5.741394
v -0.366542 9.346903 5.666248
v -0.366542 6.358025 -5.467076
vn -0.0000 0.2593 0.9658
vn -0.0000 -0.9658 0.2593
vn -1.0000 -0.0000 -0.0000
vn -0.0000 -0.2593 -0.9658
vn 1.0000 -0.0000 -0.0000
vn -0.0000 0.9658 -0.2593
vt 0.625000 0.500000
vt 0.875000 0.500000
vt 0.875000 0.750000
vt 0.625000 0.750000
vt 0.375000 0.750000
vt 0.625000 1.000000
vt 0.375000 1.000000
vt 0.375000 0.000000
vt 0.625000 0.000000
vt 0.625000 0.250000
vt 0.375000 0.250000
vt 0.125000 0.500000
vt 0.375000 0.500000
vt 0.125000 0.750000
s 0
usemtl Material.002
f 17/29/13 21/30/13 23/31/13 19/32/13
f 20/33/14 19/32/14 23/34/14 24/35/14
f 24/36/15 23/37/15 21/38/15 22/39/15
f 22/40/16 18/41/16 20/33/16 24/42/16
f 18/41/17 17/29/17 19/32/17 20/33/17
f 22/39/18 21/38/18 17/29/18 18/41/18
o Cube.003
v 0.295018 6.250807 5.750304
v 0.295018 7.230025 -5.735577
v 0.295018 5.196640 5.660431
v 0.295018 6.175857 -5.825449
v -0.295018 6.250807 5.750304
v -0.295018 7.230025 -5.735577
v -0.295018 5.196640 5.660431
v -0.295018 6.175857 -5.825449
vn -0.0000 -0.0849 0.9964
vn -0.0000 -0.9964 -0.0849
vn -1.0000 -0.0000 -0.0000
vn -0.0000 0.0849 -0.9964
vn 1.0000 -0.0000 -0.0000
vn -0.0000 0.9964 0.0849
vt 0.625000 0.500000
vt 0.875000 0.500000
vt 0.875000 0.750000
vt 0.625000 0.750000
vt 0.375000 0.750000
vt 0.625000 1.000000
vt 0.375000 1.000000
vt 0.375000 0.000000
vt 0.625000 0.000000
vt 0.625000 0.250000
vt 0.375000 0.250000
vt 0.125000 0.500000
vt 0.375000 0.500000
vt 0.125000 0.750000
s 0
usemtl Material.003
f 25/43/19 29/44/19 31/45/19 27/46/19
f 28/47/20 27/46/20 31/48/20 32/49/20
f 32/50/21 31/51/21 29/52/21 30/53/21
f 30/54/22 26/55/22 28/47/22 32/56/22
f 26/55/23 25/43/23 27/46/23 28/47/23
f 30/53/24 29/52/24 25/43/24 26/55/24
o Cube.004
v 0.386381 4.347135 5.523409
v 0.386381 2.175960 -5.797824
v 0.386381 3.308078 5.722678
v 0.386381 1.136904 -5.598555
v -0.203655 4.347135 5.523409
v -0.203655 2.175960 -5.797824
v -0.203655 3.308078 5.722678
v -0.203655 1.136904 -5.598555
vn -0.0000 0.1883 0.9821
vn -0.0000 -0.9821 0.1883
vn -1.0000 -0.0000 -0.0000
vn -0.0000 -0.1883 -0.9821
vn 1.0000 -0.0000 -0.0000
vn -0.0000 0.9821 -0.1883
vt 0.625000 0.500000
vt 0.875000 0.500000
vt 0.875000 0.750000
vt 0.625000 0.750000
vt 0.375000 0.750000
vt 0.625000 1.000000
vt 0.375000 1.000000
vt 0.375000 0.000000
vt 0.625000 0.000000
vt 0.625000 0.250000
vt 0.375000 0.250000
vt 0.125000 0.500000
vt 0.375000 0.500000
vt 0.125000 0.750000
s 0
usemtl Material.004
f 33/57/25 37/58/25 39/59/25 35/60/25
f 36/61/26 35/60/26 39/62/26 40/63/26
f 40/64/27 39/65/27 37/66/27 38/67/27
f 38/68/28 34/69/28 36/61/28 40/70/28
f 34/69/29 33/57/29 35/60/29 36/61/29
f 38/67/30 37/66/30 33/57/30 34/69/30
o Cube.005
v 0.333142 7.758525 5.718735
v 0.333142 10.005903 -5.587617
v 0.333142 6.720834 5.512471
v 0.333142 8.968213 -5.793880
v -0.256894 7.758525 5.718735
v -0.256894 10.005903 -5.587617
v -0.256894 6.720834 5.512471
v -0.256894 8.968213 -5.793880
vn -0.0000 -0.1950 0.9808
vn -0.0000 -0.9808 -0.1950
vn -1.0000 -0.0000 -0.0000
vn -0.0000 0.1950 -0.9808
vn 1.0000 -0.0000 -0.0000
vn -0.0000 0.9808 0.1950
vt 0.625000 0.500000
vt 0.875000 0.500000
vt 0.875000 0.750000
vt 0.625000 0.750000
vt 0.375000 0.750000
vt 0.625000 1.000000
vt 0.375000 1.000000
vt 0.375000 0.000000
vt 0.625000 0.000000
vt 0.625000 0.250000
vt 0.375000 0.250000
vt 0.125000 0.500000
vt 0.375000 0.500000
vt 0.125000 0.750000
s 0
usemtl Material.005
f 41/71/31 45/72/31 47/73/31 43/74/31
f 44/75/32 43/74/32 47/76/32 48/77/32
f 48/78/33 47/79/33 45/80/33 46/81/33
f 46/82/34 42/83/34 44/75/34 48/84/34
f 42/83/35 41/71/35 43/74/35 44/75/35
f 46/81/36 45/80/36 41/71/36 42/83/36
o Cube.006
v 0.237256 1.424865 5.672816
v 0.237256 4.337831 -5.480611
v 0.237256 0.401210 5.405466
v 0.237256 3.314176 -5.747962
v -0.352780 1.424865 5.672816
v -0.352780 4.337831 -5.480611
v -0.352780 0.401210 5.405466
v -0.352780 3.314176 -5.747962
vn -0.0000 -0.2527 0.9675
vn -0.0000 -0.9675 -0.2527
vn -1.0000 -0.0000 -0.0000
vn -0.0000 0.2527 -0.9675
vn 1.0000 -0.0000 -0.0000
vn -0.0000 0.9675 0.2527
vt 0.625000 0.500000
vt 0.875000 0.500000
vt 0.875000 0.750000
vt 0.625000 0.750000
vt 0.375000 0.750000
vt 0.625000 1.000000
vt 0.375000 1.000000
vt 0.375000 0.000000
vt 0.625000 0.000000
vt 0.625000 0.250000
vt 0.375000 0.250000
vt 0.125000 0.500000
vt 0.375000 0.500000
vt 0.125000 0.750000
s 0
usemtl Material.006
f 49/85/37 53/86/37 55/87/37 51/88/37
f 52/89/38 51/88/38 55/90/38 56/91/38
f 56/92/39 55/93/39 53/94/39 54/95/39
f 54/96/40 50/97/40 52/89/40 56/98/40
f 50/97/41 49/85/41 51/88/41 52/89/41
f 54/95/42 53/94/42 49/85/42 50/97/42
o Cube.007
v 0.295018 5.381477 5.725187
v 0.295018 5.359632 -5.802338
v 0.295018 4.323487 5.727192
v 0.295018 4.301642 -5.800333
v -0.295018 5.381477 5.725187
v -0.295018 5.359632 -5.802338
v -0.295018 4.323487 5.727192
v -0.295018 4.301642 -5.800333
vn -0.0000 0.0019 1.0000
vn -0.0000 -1.0000 0.0019
vn -1.0000 -0.0000 -0.0000
vn -0.0000 -0.0019 -1.0000
vn 1.0000 -0.0000 -0.0000
vn -0.0000 1.0000 -0.0019
vt 0.625000 0.500000
vt 0.875000 0.500000
vt 0.875000 0.750000
vt 0.625000 0.750000
vt 0.375000 0.750000
vt 0.625000 1.000000
vt 0.375000 1.000000
vt 0.375000 0.000000
vt 0.625000 0.000000
vt 0.625000 0.250000
vt 0.375000 0.250000
vt 0.125000 0.500000
vt 0.375000 0.500000
vt 0.125000 0.750000
s 0
usemtl Material.007
f 57/99/43 61/100/43 63/101/43 59/102/43
f 60/103/44 59/102/44 63/104/44 64/105/44
f 64/106/45 63/107/45 61/108/45 62/109/45
f 62/110/46 58/111/46 60/103/46 64/112/46
f 58/111/47 57/99/47 59/102/47 60/103/47
f 62/109/48 61/108/48 57/99/48 58/111/48
